,B2CL1_HUMAN_1G5J_A_holo,B2CL1_HUMAN_2M04_A_holo,B2CL1_HUMAN_2P1L_A_holo,B2CL1_HUMAN_2P1L_C_holo,B2CL1_HUMAN_2P1L_E_holo,B2CL1_HUMAN_2P1L_G_holo,B2CL1_HUMAN_2PON_B_holo,B2CL1_HUMAN_3FDL_A_holo,B2CL1_HUMAN_3IO8_A_holo,B2CL1_HUMAN_3PL7_A_holo,B2CL1_HUMAN_4CIN_A_holo,B2CL1_HUMAN_4HNJ_A_holo,B2CL1_HUMAN_4QVE_A_holo,B2CL1_HUMAN_4QVF_A_holo,B2CL1_HUMAN_5FMK_A_holo,B2LA1_HUMAN_2VM6_A_holo,B2LA1_HUMAN_3MQP_A_holo,B2LA1_HUMAN_4ZEQ_A_holo,B2LA1_HUMAN_5UUK_A_holo,B2LA1_HUMAN_5UUL_A_holo,B2LA1_HUMAN_5UUP_A_holo,MCL1_HUMAN_2KBW_A_holo,MCL1_HUMAN_2NL9_A_holo,MCL1_HUMAN_2PQK_A_holo,MCL1_HUMAN_3D7V_A_holo,MCL1_HUMAN_3IO9_A_holo,MCL1_HUMAN_3KJ0_A_holo,MCL1_HUMAN_3KJ1_A_holo,MCL1_HUMAN_3KJ2_A_holo,MCL1_HUMAN_3KZ0_A_holo,MCL1_HUMAN_3KZ0_B_holo,MCL1_HUMAN_3PK1_A_holo,MCL1_HUMAN_3PK1_C_holo,MCL1_HUMAN_5C3F_A_holo,MCL1_HUMAN_5C6H_A_holo,MCL1_HUMAN_5C6H_C_holo,MCL1_HUMAN_5C6H_E_holo,MCL1_HUMAN_5C6H_G_holo,MCL1_HUMAN_5C6H_I_holo,MCL1_HUMAN_5C6H_K_holo,MCL1_HUMAN_5C6H_M_holo,MCL1_HUMAN_5C6H_O_holo,MCL1_HUMAN_5C6H_Q_holo,MCL1_HUMAN_5C6H_S_holo,MCL1_HUMAN_5C6H_U_holo,MCL1_HUMAN_5C6H_W_holo,MCL1_HUMAN_5UUM_A_holo,MCL1_HUMAN_5UUM_B_holo
B2CL1_HUMAN_2M04_A_holo,4.53420023958882,0.0,3.2857296771015028,3.2848895294092886,3.3012757874808867,3.307578716842299,3.103315929173096,3.1788798905914977,3.3363516209128345,3.384003718950486,3.6261342308091162,3.2719618602906397,3.538530140966733,3.0675973034528408,4.745763753120117,3.792889834351418,3.9300684216182677,3.8925335507348917,3.8971616939207867,3.845177077774006,3.6560079481721957,3.7826244730875174,3.73563347454158,3.691692438894092,3.7500582461950387,3.8867893088899566,3.714600222378163,3.766926179951605,3.900676265069023,3.7971557645369636,3.7744387844459695,3.8685626851896684,3.8714916715903263,3.8131300688285528,3.997158244629769,3.9616094153503436,3.969878132323461,3.9406682065103538,3.930197822290996,3.948525515741554,3.9217244193808174,3.9812074659577044,3.923434615450398,3.9295705971525967,3.87012004490115,3.9593823252969274,3.9762808604967788,3.941504454557239
B2CL1_HUMAN_1G5J_A_holo,0.0,4.53420023958882,2.519844368161127,2.492838265631748,2.5560266531244786,2.504864295001841,2.7433551130741085,2.3693186810650464,1.6086399652705101,1.8481523771319377,2.336204514670365,1.607057329557443,2.4938889058449454,2.6319589017609855,2.9676997916570325,2.6348126650929067,2.55648301351343,2.5297061287949107,2.667744710330665,2.569032413785498,2.616618318431169,2.74477255432429,2.397158714087318,2.3751608279307854,2.4953608889814807,2.487221275922965,2.4132026352804368,2.3370918577833786,2.48565694212851,2.381955338392095,2.3261435939919277,2.431822775776343,2.4283924642463224,2.337687729875943,2.47961270626122,2.415905112918432,2.49393128523238,2.409599110069867,2.452939191579613,2.4253473441895013,2.41176141007863,2.3648550383564477,2.4683443801033706,2.3987401105350035,2.346713958558306,2.506256498587121,2.7679171858285536,2.749247827306809
B2CL1_HUMAN_2P1L_A_holo,2.519844368161127,3.2857296771015028,0.0,0.19278684979437255,0.20805315505623673,0.2519056944887348,1.6150867528078507,1.3574848281281133,1.6192084830745268,1.2855540149161275,1.8492979667081502,1.64976773646359,1.6112877139231994,0.6924823478020063,1.4813702321175288,2.147839736452835,2.4045528313359004,2.3033462778687275,2.342196686107034,2.347289388131156,2.286034883517737,2.191641200998035,1.9667511199180945,1.9404744186376086,1.9989295723870926,2.121698512071664,2.068876860090502,1.9996689853019394,1.9795875846057447,2.0189364625962924,2.0158960070357814,2.1035251180251096,2.1027143761544944,2.0419534919259057,2.0725603918989712,2.0356894649906523,2.0979347287333807,2.0624571172770327,2.3496461406314575,2.1934380297011384,2.0394330522161526,2.038125235187804,2.0553637720850144,2.045101633513414,2.051219566899896,2.304850456326999,2.6572511504510814,2.3546183962922282
B2CL1_HUMAN_2P1L_C_holo,2.492838265631748,3.2848895294092886,0.19278684979437255,0.0,0.24381126060490216,0.18052429973631687,1.6649491816035202,1.3357928995890138,1.574545297865725,1.2347252331318401,1.8207134189759167,1.6121212470104598,1.612917907811883,0.7227717299875294,1.5269227380608648,2.1516733212659287,2.390897781494084,2.296187431764292,2.331523240908878,2.3470211076604985,2.27064874803088,2.1642375592102914,1.9370376396610023,1.909612071089737,1.9708452415122808,2.0870356370877605,2.0396541633609657,1.9731363201362266,1.9546763039461703,1.9952572539513702,1.9920345796412537,2.075458478007737,2.0743766173324505,2.0199734189241476,2.0517651347864736,2.008667675986343,2.0663742775664002,2.0320647356177655,2.321057247041823,2.1620325880640565,2.0078660146045255,2.0072715008947792,2.025821766522269,2.015737041382697,2.0277264916702924,2.2786522795021122,2.625699629699139,2.3177081149605367
B2CL1_HUMAN_2P1L_E_holo,2.5560266531244786,3.3012757874808867,0.20805315505623673,0.24381126060490216,0.0,0.22323734189990307,1.644354018353369,1.3483885790391488,1.6454381137372356,1.3055227101749611,1.8476050908084303,1.660346892699098,1.687756409205588,0.6512539057305907,1.5094007668111298,2.1606967803490735,2.4221110526081184,2.320890406889936,2.354471197083213,2.3607952387633246,2.293051369052126,2.1871322344118327,1.9784840210799834,1.9500809630451041,2.011785154226472,2.1365605767989164,2.0862200302713956,2.0119701073742022,1.9947509846786335,2.029718210657055,2.029704215738221,2.1202654060415274,2.1192588781116433,2.0693652434827086,2.089751086117105,2.0600195762544407,2.122063257171078,2.0905049397227313,2.378879360935029,2.2159028184121974,2.0663079050976987,2.065482311702003,2.077719724316124,2.0695522106955644,2.0643002128345764,2.332536173210728,2.6763503590240574,2.354972310205273
B2CL1_HUMAN_2P1L_G_holo,2.504864295001841,3.307578716842299,0.2519056944887348,0.18052429973631687,0.22323734189990307,0.0,1.6799656927893818,1.319525321830076,1.5833162641000778,1.2361062357453572,1.8320656561462894,1.60781138174397,1.657408950347537,0.699262145697458,1.5531539215421013,2.1735137437918945,2.4110108691028524,2.315118865704721,2.3474858243216725,2.362292503484486,2.2810840397081713,2.1595991223850386,1.935655056603124,1.9087358276166957,1.9690116814459293,2.083294143301144,2.042412823151918,1.9732233805555326,1.956388770865107,1.9970748450571052,1.9970564076008808,2.0813342006336937,2.080295807136774,2.033763467531897,2.047950511083932,2.012238048747621,2.073058957528085,2.0344759693429517,2.3213615682888706,2.164564462620276,2.0114299048432955,2.011991372272814,2.0257200661478,2.0156858885843976,2.0235624274200816,2.281809145185906,2.6175245383729306,2.305057282609738
B2CL1_HUMAN_2PON_B_holo,2.7433551130741085,3.103315929173096,1.6150867528078507,1.6649491816035202,1.644354018353369,1.6799656927893818,0.0,2.140360425281772,2.404772247194694,2.2025837490808415,2.711319265020107,2.1724801684282173,1.527475263363579,1.5976754197283523,1.044574997254438,2.6042640744733045,2.7005054724435533,2.6275749068841256,2.668742637921975,2.5165326090150892,2.5302287530701175,3.0611968999571957,2.6013719556616093,2.588815966084522,2.6550148149197175,2.7470116086773912,2.686963807969219,2.619304369271848,2.610278326891878,2.588179289102014,2.577286072697873,2.72337381838416,2.7240322831197403,2.666311266680679,2.7009448972356136,2.686665372942525,2.8104810101425453,2.7219066084528034,2.730552564726211,2.6742061194232627,2.682278839587648,2.694541044480834,2.7005290185484445,2.682012491486034,2.713118340872564,2.7541443248809054,3.111101822471864,3.123910177622029
B2CL1_HUMAN_3FDL_A_holo,2.3693186810650464,3.1788798905914977,1.3574848281281133,1.3357928995890138,1.3483885790391488,1.319525321830076,2.140360425281772,0.0,1.286391737161435,0.9849764337866288,1.3662975348746822,1.7677033910216036,2.0397125694176026,1.356905848312758,1.9538816782488715,2.2129706746017597,2.1974474991725,2.1565106546649067,2.132207395197308,2.018151276457478,2.0057660207337844,1.6431112010782798,1.534558807427643,1.5308585173794482,1.5224302000360042,1.7571288344139269,1.630281183123135,1.6373740173792808,1.5468877278842574,1.6788787591721446,1.7042034357638867,1.7112349590349882,1.7092033134250366,1.731325518612617,1.7253130791648827,1.6902623966329848,1.7107434614130876,1.6937789521472228,1.765499243517625,1.6561205873495894,1.6646111437051372,1.6779656314676779,1.677117108829925,1.6869996960969795,1.7283257078384218,1.7258352607452982,2.2533924567859454,2.2348102255559077
B2CL1_HUMAN_3IO8_A_holo,1.6086399652705101,3.3363516209128345,1.6192084830745268,1.574545297865725,1.6454381137372356,1.5833162641000778,2.404772247194694,1.286391737161435,0.0,0.9336718080542699,1.3742231411527377,1.000014615866993,2.04481521157676,1.7900209364028186,2.26711542062263,2.103098200633004,2.020724400737894,2.014458474527849,2.098904107418969,2.0385620361731704,1.9494391589344218,1.816412891575425,1.6378583425613238,1.6498406539736623,1.6812932661509523,1.7484110624771498,1.680837443575082,1.6552953130156365,1.6537496857907088,1.6992120786523999,1.6754098527783945,1.7069232025240575,1.7002863459181186,1.701568597344615,1.7425973901472716,1.710419758693925,1.7177367426020582,1.7050729214535536,1.7610681637264975,1.6492505369713906,1.6839210989378908,1.667882383468926,1.7171602436603781,1.7039790513596622,1.6673097035129016,1.7683076430751874,1.885969435930769,1.8809749403660274
B2CL1_HUMAN_3PL7_A_holo,1.8481523771319377,3.384003718950486,1.2855540149161275,1.2347252331318401,1.3055227101749611,1.2361062357453572,2.2025837490808415,0.9849764337866288,0.9336718080542699,0.0,1.3965521325079568,1.1981887618721851,1.9405057347663655,1.5493855244605683,2.087479408606599,2.151922363346479,2.1113844253700282,2.0624017722090047,2.108840996456468,2.0840537403108113,2.0257474935078803,1.6719611468462177,1.4590326751185532,1.4404966893833235,1.4990337406284202,1.5928631822464638,1.5712846921541321,1.4918287857357924,1.5042877109741104,1.5258613185900565,1.5186354071055668,1.5640129745454343,1.5615735743509256,1.5413754288516623,1.5812439850631246,1.5443838303582917,1.563304662794535,1.5511228894548597,1.6050023801612394,1.5116479669093421,1.5268511458277323,1.5267437248665279,1.54720340657011,1.533519711780177,1.5314138296887336,1.5972674736771004,1.839737624035781,1.8294473745424493
B2CL1_HUMAN_4CIN_A_holo,2.336204514670365,3.6261342308091162,1.8492979667081502,1.8207134189759167,1.8476050908084303,1.8320656561462894,2.711319265020107,1.3662975348746822,1.3742231411527377,1.3965521325079568,0.0,1.7814278544413285,2.4118578397230537,2.0682192687995182,2.5743876314753606,2.1772642189736118,2.065848762073503,2.0627045369123724,2.0188883321234403,2.0472836238782497,2.0058093954104934,1.8279469738752834,1.6812343225547,1.6960982417446364,1.653113427087397,1.748103604950988,1.8821942923405146,1.692662121728527,1.6392676483369262,1.7960778508896869,1.7656324315097014,1.776339259653645,1.7669399365408787,1.8028079231750007,1.8843561694524482,1.835373425002015,1.8764963852324539,1.8387223533093446,1.8973529364970938,1.821108556197397,1.8497014031313848,1.810013446096846,1.8747391031938232,1.857201463610859,1.842427625476573,1.8948627551446235,1.8492704467206353,1.8548981841140932
B2CL1_HUMAN_4HNJ_A_holo,1.607057329557443,3.2719618602906397,1.64976773646359,1.6121212470104598,1.660346892699098,1.60781138174397,2.1724801684282173,1.7677033910216036,1.000014615866993,1.1981887618721851,1.7814278544413285,0.0,2.0692069558077053,1.8063609856566578,2.2020426199561562,2.2351975747856097,2.122032831651959,2.109302082790123,2.2530562486267116,2.101622309469648,2.0625379132379282,2.183639900273861,1.7507604262316756,1.7560461606406434,1.8151827684640487,1.8834857704756214,1.8260822029030415,1.738423578220257,1.7938145920379054,1.800554865522649,1.7624623701001543,1.7911268891845036,1.791223281463765,1.7364995992022692,1.7827064082182829,1.6990375323817948,1.7455106896344488,1.6813581193909497,1.748410103131844,1.6718455221935273,1.6672385027299996,1.6601859541332404,1.7372646427771794,1.6738896918502166,1.6976690363520794,1.7507500899246775,2.018612049580515,2.0493424605217645
B2CL1_HUMAN_4QVE_A_holo,2.4938889058449454,3.538530140966733,1.6112877139231994,1.612917907811883,1.687756409205588,1.657408950347537,1.527475263363579,2.0397125694176026,2.04481521157676,1.9405057347663655,2.4118578397230537,2.0692069558077053,0.0,1.8407229131463478,1.4176465086367591,2.2834758827316435,2.499231108190417,2.4496996134863824,2.454867279535191,2.4519755503038336,2.4018574414098706,2.8991935209568362,2.413300176351151,2.401798608939624,2.48947536160012,2.521094429441849,2.500017467652781,2.4208799068718148,2.4366976996886054,2.423531240352175,2.4039842607948247,2.517225190099949,2.5161152947136625,2.431528083664313,2.5071680078455207,2.4702728990357117,2.5957613537217474,2.4919441102239612,2.688229188760835,2.5846313083106294,2.4834693765511195,2.450359317864468,2.5098098920941765,2.4900190294516604,2.4969375916057834,2.7174922389438474,2.9706754873165413,2.739821543485219
B2CL1_HUMAN_4QVF_A_holo,2.6319589017609855,3.0675973034528408,0.6924823478020063,0.7227717299875294,0.6512539057305907,0.699262145697458,1.5976754197283523,1.356905848312758,1.7900209364028186,1.5493855244605683,2.0682192687995182,1.8063609856566578,1.8407229131463478,0.0,1.3856631286153203,2.3309126532757403,2.4549985543910724,2.3599051704598235,2.326692273943839,2.26607506631902,2.1599431397254696,2.2329601805115145,2.127448640330187,2.1027539144426037,2.1133602218279455,2.3204524092074097,2.2047889681712385,2.1892240515341603,2.1385628265542693,2.1871382701912654,2.209012021465699,2.2972129500583844,2.2988119564953724,2.2531206692561354,2.2224929129029043,2.2045062954356984,2.2987455816117635,2.2426278103865696,2.280980137769207,2.202318445484541,2.2267053872138867,2.23379095636388,2.2105640362437504,2.208685834051393,2.241898181752636,2.257425119350289,2.5651196942438887,2.5473492476559234
B2CL1_HUMAN_5FMK_A_holo,2.9676997916570325,4.745763753120117,1.4813702321175288,1.5269227380608648,1.5094007668111298,1.5531539215421013,1.044574997254438,1.9538816782488715,2.26711542062263,2.087479408606599,2.5743876314753606,2.2020426199561562,1.4176465086367591,1.3856631286153203,0.0,2.560956501536952,2.873496518336808,2.7415982443537192,2.7702035069964266,2.6709895909804198,2.695595536878182,2.8575128662928404,2.5579470088838843,2.5497228141632475,2.580435406462869,2.699791204856365,2.563245029821373,2.5953669151088232,2.547323419559103,2.5692931339816507,2.5740874182599502,2.6405274200836457,2.6415939601236995,2.5988493757738333,2.6435548485362834,2.6231718558142916,2.6768269947870156,2.6322975010487957,2.8877498956027257,2.7717577759711065,2.609284129075339,2.631358099782209,2.614048782032623,2.597148536926871,2.6479954967015433,2.8625672432382165,3.1871911905664625,2.9141527417010664
B2LA1_HUMAN_2VM6_A_holo,2.6348126650929067,3.792889834351418,2.147839736452835,2.1516733212659287,2.1606967803490735,2.1735137437918945,2.6042640744733045,2.2129706746017597,2.103098200633004,2.151922363346479,2.1772642189736118,2.2351975747856097,2.2834758827316435,2.3309126532757403,2.560956501536952,0.0,0.5351093100493739,0.5012419814140697,0.6649392556859413,0.7017096858795995,0.5299347259040885,2.2311907283857715,1.8735094003447348,1.854977136626641,1.84390678561181,1.9178248149047497,1.8063468943161198,1.7855561728379663,1.7955835168933136,1.6179558859255636,1.5796205193764772,1.8511413917994362,1.8551473232412101,1.6150934403277266,1.6964627513146733,1.671879610513097,1.785183590602603,1.7356758642729622,1.7550200930079471,1.7187170608119127,1.7397510277010113,1.7089496391733778,1.7645026601243121,1.7036449421480133,1.657793368866099,1.7654132239516402,2.0165894321291513,1.968969707715547
B2LA1_HUMAN_3MQP_A_holo,2.55648301351343,3.9300684216182677,2.4045528313359004,2.390897781494084,2.4221110526081184,2.4110108691028524,2.7005054724435533,2.1974474991725,2.020724400737894,2.1113844253700282,2.065848762073503,2.122032831651959,2.499231108190417,2.4549985543910724,2.873496518336808,0.5351093100493739,0.0,0.3316246216452384,0.6939503314969142,0.6381302183792806,0.49183079059801627,2.1860898201635623,1.8259912919721422,1.8010103591621998,1.811879422280878,1.8288979456301713,1.7199302059556814,1.7067583943791886,1.7556504460794258,1.5727148755373686,1.5235998971937315,1.7173995781988902,1.7173206072721132,1.512359387515694,1.6945346194060003,1.652924076387733,1.72906059198247,1.6888968495378627,1.722253753172264,1.6693563182209215,1.7083640224768066,1.6461479517698792,1.7437373274086545,1.6794138193205528,1.608454947873675,1.7486946954983644,1.8204996982594195,1.766506150266279
B2LA1_HUMAN_4ZEQ_A_holo,2.5297061287949107,3.8925335507348917,2.3033462778687275,2.296187431764292,2.320890406889936,2.315118865704721,2.6275749068841256,2.1565106546649067,2.014458474527849,2.0624017722090047,2.0627045369123724,2.109302082790123,2.4496996134863824,2.3599051704598235,2.7415982443537192,0.5012419814140697,0.3316246216452384,0.0,0.6532155706518663,0.6287001426774512,0.41757455904662266,2.1913026156142372,1.8330883826674504,1.803816667772028,1.8131340635076663,1.8431990361778432,1.7112840537584109,1.7139292019646717,1.7447501809878212,1.5632565528240068,1.517220552657658,1.716469210373986,1.716399529882301,1.4953762588996373,1.671218588147968,1.639154828217367,1.6903465570600635,1.6867062313551053,1.7193177049387212,1.663546521248961,1.6942909771862784,1.66052819408771,1.7271166684403085,1.6651743819326605,1.5935978185232558,1.7233992180365907,1.7875059832113416,1.7131696162610028
B2LA1_HUMAN_5UUK_A_holo,2.667744710330665,3.8971616939207867,2.342196686107034,2.331523240908878,2.354471197083213,2.3474858243216725,2.668742637921975,2.132207395197308,2.098904107418969,2.108840996456468,2.0188883321234403,2.2530562486267116,2.454867279535191,2.326692273943839,2.7702035069964266,0.6649392556859413,0.6939503314969142,0.6532155706518663,0.0,0.7031623128324337,0.5316081999546739,2.1925157651321254,1.842930119328866,1.8090912689418146,1.791195831701459,1.8422662379848427,1.7763597140713676,1.750431116802071,1.7420882753115663,1.6102220044902131,1.5808581567925146,1.773778476667896,1.7769701924341552,1.575140729830764,1.6926968179118138,1.6501625125299024,1.7418721000365303,1.702685590365988,1.734671031105567,1.6951277957553565,1.705176969101041,1.674733195852999,1.7464369900291012,1.6890065298524006,1.651168130929313,1.7374990846552893,1.921624819207128,1.8267969687203973
B2LA1_HUMAN_5UUL_A_holo,2.569032413785498,3.845177077774006,2.347289388131156,2.3470211076604985,2.3607952387633246,2.362292503484486,2.5165326090150892,2.018151276457478,2.0385620361731704,2.0840537403108113,2.0472836238782497,2.101622309469648,2.4519755503038336,2.26607506631902,2.6709895909804198,0.7017096858795995,0.6381302183792806,0.6287001426774512,0.7031623128324337,0.0,0.537186903124313,2.0908087310248833,1.8118152802108114,1.7867469415135744,1.7549025346159501,1.8656639476046584,1.6702229500473498,1.7127931108283851,1.7084431999368395,1.5754212226909392,1.5526868410347976,1.7321512585405763,1.7312239139078422,1.492868007917345,1.646734797428484,1.6277524476610319,1.7207923046893294,1.6571128586032757,1.687672461351823,1.6532185375688675,1.6680945606520736,1.641163074050416,1.6995437774611302,1.632662858229288,1.5664671176427802,1.6804198510226118,1.768457901734601,1.7012403724697553
B2LA1_HUMAN_5UUP_A_holo,2.616618318431169,3.6560079481721957,2.286034883517737,2.27064874803088,2.293051369052126,2.2810840397081713,2.5302287530701175,2.0057660207337844,1.9494391589344218,2.0257474935078803,2.0058093954104934,2.0625379132379282,2.4018574414098706,2.1599431397254696,2.695595536878182,0.5299347259040885,0.49183079059801627,0.41757455904662266,0.5316081999546739,0.537186903124313,0.0,2.1485882264783327,1.776294793312961,1.745726778410621,1.769165343670229,1.8242690942426119,1.7382254498801522,1.6760757810278313,1.7091383071762931,1.5770725363557305,1.5363887026042475,1.7482144020332013,1.7478420192225779,1.5526954808377715,1.6740992256129765,1.645615900914995,1.7485897799776127,1.7030231741846098,1.7233508495944991,1.655502043364781,1.708088625170627,1.6813541785114703,1.7230882636018026,1.6877476866368843,1.6193454506597984,1.7167530638326147,1.7261049901234546,1.6900625946520782
MCL1_HUMAN_2KBW_A_holo,2.74477255432429,3.7826244730875174,2.191641200998035,2.1642375592102914,2.1871322344118327,2.1595991223850386,3.0611968999571957,1.6431112010782798,1.816412891575425,1.6719611468462177,1.8279469738752834,2.183639900273861,2.8991935209568362,2.2329601805115145,2.8575128662928404,2.2311907283857715,2.1860898201635623,2.1913026156142372,2.1925157651321254,2.0908087310248833,2.1485882264783327,0.0,1.3156313240565607,1.305563333120841,1.2091472121112155,1.389937259154212,1.3395441617800512,1.39261740461581,1.2627578306926746,1.3495288927982458,1.3941820230662405,1.437814400872482,1.4388516364308368,1.4984196659870606,1.3961457773119077,1.380979599805821,1.3682726411935944,1.3903581431486878,1.35866408835678,1.3909352563994588,1.3818762291124045,1.363895968860033,1.355753531426258,1.3518823623104452,1.379325123510045,1.3480783563910437,1.814682392223371,1.7558779633265305
MCL1_HUMAN_2NL9_A_holo,2.397158714087318,3.73563347454158,1.9667511199180945,1.9370376396610023,1.9784840210799834,1.935655056603124,2.6013719556616093,1.534558807427643,1.6378583425613238,1.4590326751185532,1.6812343225547,1.7507604262316756,2.413300176351151,2.127448640330187,2.5579470088838843,1.8735094003447348,1.8259912919721422,1.8330883826674504,1.842930119328866,1.8118152802108114,1.776294793312961,1.3156313240565607,0.0,0.2199258756102413,0.494820752937598,0.6163042132556114,0.9076259287631664,0.35222516417735344,0.5501861082012145,0.6068074237658188,0.6151772496386213,0.7360825170999782,0.7389739429371307,0.7633977201734037,0.7642109306957646,0.7486819106548356,0.882276715479667,0.8190873231923871,0.7786753196937417,0.7674549306207685,0.7637642823782465,0.7194560622603964,0.7865125203652517,0.7648713417275808,0.7405403785198214,0.8002773980966753,0.861372331297631,0.8157934328754863
MCL1_HUMAN_2PQK_A_holo,2.3751608279307854,3.691692438894092,1.9404744186376086,1.909612071089737,1.9500809630451041,1.9087358276166957,2.588815966084522,1.5308585173794482,1.6498406539736623,1.4404966893833235,1.6960982417446364,1.7560461606406434,2.401798608939624,2.1027539144426037,2.5497228141632475,1.854977136626641,1.8010103591621998,1.803816667772028,1.8090912689418146,1.7867469415135744,1.745726778410621,1.305563333120841,0.2199258756102413,0.0,0.43550307602218563,0.48279397869371976,0.8509497806559139,0.24250515211324009,0.45368912301867736,0.5283543698381159,0.5304465823215607,0.6616939536328933,0.6645669687957044,0.7184856342758703,0.7104989945083086,0.6828909648094912,0.8392420974511989,0.7637875875286351,0.706459815753595,0.7032647998132974,0.6952783101332386,0.6658506446116967,0.7227529335043067,0.7035465763542488,0.6933234383121403,0.7339305672087969,0.7925906160762337,0.7686299189664625
MCL1_HUMAN_3D7V_A_holo,2.4953608889814807,3.7500582461950387,1.9989295723870926,1.9708452415122808,2.011785154226472,1.9690116814459293,2.6550148149197175,1.5224302000360042,1.6812932661509523,1.4990337406284202,1.653113427087397,1.8151827684640487,2.48947536160012,2.1133602218279455,2.580435406462869,1.84390678561181,1.811879422280878,1.8131340635076663,1.791195831701459,1.7549025346159501,1.769165343670229,1.2091472121112155,0.494820752937598,0.43550307602218563,0.0,0.5561451668150493,0.8322229805157284,0.4695226803590764,0.2517539546501424,0.4785910156920315,0.5379047297658646,0.7090324222792711,0.7144980841112344,0.6776145446371502,0.6469412195825023,0.6351314287413107,0.8210043171090913,0.7147051042563803,0.6429150618970934,0.6693812011139201,0.6494771619174377,0.6740747181154221,0.664573494942686,0.6442150571292441,0.6942638109478625,0.648909080380065,0.7131081239421402,0.694604814801745
MCL1_HUMAN_3IO9_A_holo,2.487221275922965,3.8867893088899566,2.121698512071664,2.0870356370877605,2.1365605767989164,2.083294143301144,2.7470116086773912,1.7571288344139269,1.7484110624771498,1.5928631822464638,1.748103604950988,1.8834857704756214,2.521094429441849,2.3204524092074097,2.699791204856365,1.9178248149047497,1.8288979456301713,1.8431990361778432,1.8422662379848427,1.8656639476046584,1.8242690942426119,1.389937259154212,0.6163042132556114,0.48279397869371976,0.5561451668150493,0.0,0.851419214175984,0.5009343266680618,0.48028505650257863,0.5930360327920602,0.593433363642496,0.5780143045272452,0.5787026135808345,0.7482335436543265,0.7576554537179,0.7265212341054654,0.8673447933036426,0.7705564273383169,0.732213478942227,0.731354108303844,0.7136204466019358,0.7020363290012549,0.7592840718366515,0.7518134452796911,0.7611079257719806,0.7598682618213651,0.6909228101976524,0.6991470322302366
MCL1_HUMAN_3KJ0_A_holo,2.4132026352804368,3.714600222378163,2.068876860090502,2.0396541633609657,2.0862200302713956,2.042412823151918,2.686963807969219,1.630281183123135,1.680837443575082,1.5712846921541321,1.8821942923405146,1.8260822029030415,2.500017467652781,2.2047889681712385,2.563245029821373,1.8063468943161198,1.7199302059556814,1.7112840537584109,1.7763597140713676,1.6702229500473498,1.7382254498801522,1.3395441617800512,0.9076259287631664,0.8509497806559139,0.8322229805157284,0.851419214175984,0.0,0.8341548385458564,0.8035866085378868,0.8538037276039697,0.858917477017423,0.6480286350501577,0.6548363443013272,0.7253565804924166,0.7250799834468188,0.704608627084781,0.6997584192066095,0.5667443018904754,0.6933831746618929,0.6350798169029218,0.616517128010356,0.6383435198818377,0.6198295857721239,0.6190744360960324,0.7176856321395593,0.6620535534091995,0.9031769578435215,0.8835338917606611
MCL1_HUMAN_3KJ1_A_holo,2.3370918577833786,3.766926179951605,1.9996689853019394,1.9731363201362266,2.0119701073742022,1.9732233805555326,2.619304369271848,1.6373740173792808,1.6552953130156365,1.4918287857357924,1.692662121728527,1.738423578220257,2.4208799068718148,2.1892240515341603,2.5953669151088232,1.7855561728379663,1.7067583943791886,1.7139292019646717,1.750431116802071,1.7127931108283851,1.6760757810278313,1.39261740461581,0.35222516417735344,0.24250515211324009,0.4695226803590764,0.5009343266680618,0.8341548385458564,0.0,0.4579739475671511,0.46080468230418176,0.4465213366574149,0.6645275490656245,0.6672243580965813,0.6748032882061018,0.7251021085640401,0.6515669986897478,0.8439481632052503,0.7386383923925625,0.6716496824553804,0.6808256249619542,0.6799132718325092,0.6389546971882372,0.7087284832528175,0.7287189432145886,0.7168229752784319,0.699133581869124,0.8780240556157662,0.8692913732264289
MCL1_HUMAN_3KJ2_A_holo,2.48565694212851,3.900676265069023,1.9795875846057447,1.9546763039461703,1.9947509846786335,1.956388770865107,2.610278326891878,1.5468877278842574,1.6537496857907088,1.5042877109741104,1.6392676483369262,1.7938145920379054,2.4366976996886054,2.1385628265542693,2.547323419559103,1.7955835168933136,1.7556504460794258,1.7447501809878212,1.7420882753115663,1.7084431999368395,1.7091383071762931,1.2627578306926746,0.5501861082012145,0.45368912301867736,0.2517539546501424,0.48028505650257863,0.8035866085378868,0.4579739475671511,0.0,0.4143442927179336,0.45594198542407033,0.6647842562465542,0.6677696541554355,0.709970272985274,0.6854872400498633,0.6259535393991482,0.8031803363228136,0.6919798724705787,0.6260856973488271,0.6521606607786848,0.6335573592226351,0.665467566437751,0.6542004612103202,0.6891965455782888,0.7233190728152749,0.6321187247749422,0.8389972428479325,0.8428043549205088
MCL1_HUMAN_3KZ0_A_holo,2.381955338392095,3.7971557645369636,2.0189364625962924,1.9952572539513702,2.029718210657055,1.9970748450571052,2.588179289102014,1.6788787591721446,1.6992120786523999,1.5258613185900565,1.7960778508896869,1.800554865522649,2.423531240352175,2.1871382701912654,2.5692931339816507,1.6179558859255636,1.5727148755373686,1.5632565528240068,1.6102220044902131,1.5754212226909392,1.5770725363557305,1.3495288927982458,0.6068074237658188,0.5283543698381159,0.4785910156920315,0.5930360327920602,0.8538037276039697,0.46080468230418176,0.4143442927179336,0.0,0.17245429147408006,0.7302904577589705,0.7374747267224626,0.5868094514527976,0.6160519848881817,0.5767026812991674,0.8468885046250313,0.7157601558333475,0.6182598506382148,0.6609054040611249,0.6702197904352122,0.6362561060702134,0.6633220634622335,0.61704257505964,0.6215573906623498,0.6649435629991242,0.7698566264715595,0.7623464083461136
MCL1_HUMAN_3KZ0_B_holo,2.3261435939919277,3.7744387844459695,2.0158960070357814,1.9920345796412537,2.029704215738221,1.9970564076008808,2.577286072697873,1.7042034357638867,1.6754098527783945,1.5186354071055668,1.7656324315097014,1.7624623701001543,2.4039842607948247,2.209012021465699,2.5740874182599502,1.5796205193764772,1.5235998971937315,1.517220552657658,1.5808581567925146,1.5526868410347976,1.5363887026042475,1.3941820230662405,0.6151772496386213,0.5304465823215607,0.5379047297658646,0.593433363642496,0.858917477017423,0.4465213366574149,0.45594198542407033,0.17245429147408006,0.0,0.7074094911962271,0.7125842015258146,0.5601080748945844,0.6127690799722854,0.5607388270462158,0.8352590846831781,0.7050067003636765,0.6257231754192045,0.6516478254921565,0.6578434182089742,0.63094941510636,0.6599587293943454,0.6177917172174319,0.602628853095423,0.6731393429205907,0.7769236428667002,0.7846170675075621
MCL1_HUMAN_3PK1_A_holo,2.431822775776343,3.8685626851896684,2.1035251180251096,2.075458478007737,2.1202654060415274,2.0813342006336937,2.72337381838416,1.7112349590349882,1.7069232025240575,1.5640129745454343,1.776339259653645,1.7911268891845036,2.517225190099949,2.2972129500583844,2.6405274200836457,1.8511413917994362,1.7173995781988902,1.716469210373986,1.773778476667896,1.7321512585405763,1.7482144020332013,1.437814400872482,0.7360825170999782,0.6616939536328933,0.7090324222792711,0.5780143045272452,0.6480286350501577,0.6645275490656245,0.6647842562465542,0.7302904577589705,0.7074094911962271,0.0,0.03339903053002654,0.5984450175791968,0.6860692141051606,0.6477115070389277,0.6917034491124255,0.6104269909120293,0.6697736666328223,0.5772796016342956,0.5759698660140636,0.5349226144807961,0.6545864136894778,0.6265970515479324,0.6067140990232927,0.6422366997100485,0.7923560389656051,0.7995587046571555
MCL1_HUMAN_3PK1_C_holo,2.4283924642463224,3.8714916715903263,2.1027143761544944,2.0743766173324505,2.1192588781116433,2.080295807136774,2.7240322831197403,1.7092033134250366,1.7002863459181186,1.5615735743509256,1.7669399365408787,1.791223281463765,2.5161152947136625,2.2988119564953724,2.6415939601236995,1.8551473232412101,1.7173206072721132,1.716399529882301,1.7769701924341552,1.7312239139078422,1.7478420192225779,1.4388516364308368,0.7389739429371307,0.6645669687957044,0.7144980841112344,0.5787026135808345,0.6548363443013272,0.6672243580965813,0.6677696541554355,0.7374747267224626,0.7125842015258146,0.03339903053002654,0.0,0.5973345784722824,0.6966561855977804,0.65941525330954,0.7002459808162972,0.6199835684718287,0.6822525901123729,0.5870804310630403,0.5872145834427148,0.543846126566578,0.6655210847318949,0.6384567464337199,0.6144816062534503,0.6556693062637642,0.8030800934265925,0.8101647258040083
MCL1_HUMAN_5C3F_A_holo,2.337687729875943,3.8131300688285528,2.0419534919259057,2.0199734189241476,2.0693652434827086,2.033763467531897,2.666311266680679,1.731325518612617,1.701568597344615,1.5413754288516623,1.8028079231750007,1.7364995992022692,2.431528083664313,2.2531206692561354,2.5988493757738333,1.6150934403277266,1.512359387515694,1.4953762588996373,1.575140729830764,1.492868007917345,1.5526954808377715,1.4984196659870606,0.7633977201734037,0.7184856342758703,0.6776145446371502,0.7482335436543265,0.7253565804924166,0.6748032882061018,0.709970272985274,0.5868094514527976,0.5601080748945844,0.5984450175791968,0.5973345784722824,0.0,0.6248719430423564,0.6068725405004994,0.770806184437735,0.64785091395158,0.6554888925757008,0.6186838703074413,0.6098832336915714,0.5941020683744191,0.6494662189313269,0.5975099887857447,0.5898185962235852,0.642807860322453,0.8529554475956325,0.862204323960422
MCL1_HUMAN_5C6H_A_holo,2.47961270626122,3.997158244629769,2.0725603918989712,2.0517651347864736,2.089751086117105,2.047950511083932,2.7009448972356136,1.7253130791648827,1.7425973901472716,1.5812439850631246,1.8843561694524482,1.7827064082182829,2.5071680078455207,2.2224929129029043,2.6435548485362834,1.6964627513146733,1.6945346194060003,1.671218588147968,1.6926968179118138,1.646734797428484,1.6740992256129765,1.3961457773119077,0.7642109306957646,0.7104989945083086,0.6469412195825023,0.7576554537179,0.7250799834468188,0.7251021085640401,0.6854872400498633,0.6160519848881817,0.6127690799722854,0.6860692141051606,0.6966561855977804,0.6248719430423564,0.0,0.25737065039715157,0.5642694205323519,0.39140371087677356,0.37257906065095425,0.3458014448180514,0.31122395280302306,0.3956981505139479,0.28466600400554354,0.3046249485329575,0.41097916772233556,0.3416262034976194,1.1555135751229586,1.1223478987071718
MCL1_HUMAN_5C6H_C_holo,2.415905112918432,3.9616094153503436,2.0356894649906523,2.008667675986343,2.0600195762544407,2.012238048747621,2.686665372942525,1.6902623966329848,1.710419758693925,1.5443838303582917,1.835373425002015,1.6990375323817948,2.4702728990357117,2.2045062954356984,2.6231718558142916,1.671879610513097,1.652924076387733,1.639154828217367,1.6501625125299024,1.6277524476610319,1.645615900914995,1.380979599805821,0.7486819106548356,0.6828909648094912,0.6351314287413107,0.7265212341054654,0.704608627084781,0.6515669986897478,0.6259535393991482,0.5767026812991674,0.5607388270462158,0.6477115070389277,0.65941525330954,0.6068725405004994,0.25737065039715157,0.0,0.538883551214154,0.3254309667153574,0.3405237675548834,0.3570357773003947,0.32520796193066875,0.30952348407938723,0.27678003059781925,0.2599798799019637,0.3590056252834412,0.3550730742975253,0.7174376019367456,0.7213914284699131
MCL1_HUMAN_5C6H_E_holo,2.49393128523238,3.969878132323461,2.0979347287333807,2.0663742775664002,2.122063257171078,2.073058957528085,2.8104810101425453,1.7107434614130876,1.7177367426020582,1.563304662794535,1.8764963852324539,1.7455106896344488,2.5957613537217474,2.2987455816117635,2.6768269947870156,1.785183590602603,1.72906059198247,1.6903465570600635,1.7418721000365303,1.7207923046893294,1.7485897799776127,1.3682726411935944,0.882276715479667,0.8392420974511989,0.8210043171090913,0.8673447933036426,0.6997584192066095,0.8439481632052503,0.8031803363228136,0.8468885046250313,0.8352590846831781,0.6917034491124255,0.7002459808162972,0.770806184437735,0.5642694205323519,0.538883551214154,0.0,0.4753127900941036,0.5861140088335497,0.47578490387813216,0.4567372219106983,0.5637064945698643,0.456150785422635,0.4692667683766865,0.5414462606870948,0.494611424128545,0.8557281323956634,0.8588027605774501
MCL1_HUMAN_5C6H_G_holo,2.409599110069867,3.9406682065103538,2.0624571172770327,2.0320647356177655,2.0905049397227313,2.0344759693429517,2.7219066084528034,1.6937789521472228,1.7050729214535536,1.5511228894548597,1.8387223533093446,1.6813581193909497,2.4919441102239612,2.2426278103865696,2.6322975010487957,1.7356758642729622,1.6888968495378627,1.6867062313551053,1.702685590365988,1.6571128586032757,1.7030231741846098,1.3903581431486878,0.8190873231923871,0.7637875875286351,0.7147051042563803,0.7705564273383169,0.5667443018904754,0.7386383923925625,0.6919798724705787,0.7157601558333475,0.7050067003636765,0.6104269909120293,0.6199835684718287,0.64785091395158,0.39140371087677356,0.3254309667153574,0.4753127900941036,0.0,0.38220347947926825,0.3258699525639801,0.3204692727412941,0.3738536186729323,0.2562448059330586,0.2534059841355849,0.3632797572859923,0.30817541684188543,0.7753190137667858,0.764491317887418
MCL1_HUMAN_5C6H_I_holo,2.452939191579613,3.930197822290996,2.3496461406314575,2.321057247041823,2.378879360935029,2.3213615682888706,2.730552564726211,1.765499243517625,1.7610681637264975,1.6050023801612394,1.8973529364970938,1.748410103131844,2.688229188760835,2.280980137769207,2.8877498956027257,1.7550200930079471,1.722253753172264,1.7193177049387212,1.734671031105567,1.687672461351823,1.7233508495944991,1.35866408835678,0.7786753196937417,0.706459815753595,0.6429150618970934,0.732213478942227,0.6933831746618929,0.6716496824553804,0.6260856973488271,0.6182598506382148,0.6257231754192045,0.6697736666328223,0.6822525901123729,0.6554888925757008,0.37257906065095425,0.3405237675548834,0.5861140088335497,0.38220347947926825,0.0,0.4635441814831929,0.36779282724982104,0.3798643642066946,0.3486804512074933,0.3097992246554568,0.37505310393868996,0.31791448203768635,0.8385927531050753,0.7583975667258731
MCL1_HUMAN_5C6H_K_holo,2.4253473441895013,3.948525515741554,2.1934380297011384,2.1620325880640565,2.2159028184121974,2.164564462620276,2.6742061194232627,1.6561205873495894,1.6492505369713906,1.5116479669093421,1.821108556197397,1.6718455221935273,2.5846313083106294,2.202318445484541,2.7717577759711065,1.7187170608119127,1.6693563182209215,1.663546521248961,1.6951277957553565,1.6532185375688675,1.655502043364781,1.3909352563994588,0.7674549306207685,0.7032647998132974,0.6693812011139201,0.731354108303844,0.6350798169029218,0.6808256249619542,0.6521606607786848,0.6609054040611249,0.6516478254921565,0.5772796016342956,0.5870804310630403,0.6186838703074413,0.3458014448180514,0.3570357773003947,0.47578490387813216,0.3258699525639801,0.4635441814831929,0.0,0.2138488570600956,0.36262533306968414,0.2936805586632616,0.28138567590926533,0.3371489095742801,0.36194022784481733,0.892799356219018,0.7472676105871864
MCL1_HUMAN_5C6H_M_holo,2.41176141007863,3.9217244193808174,2.0394330522161526,2.0078660146045255,2.0663079050976987,2.0114299048432955,2.682278839587648,1.6646111437051372,1.6839210989378908,1.5268511458277323,1.8497014031313848,1.6672385027299996,2.4834693765511195,2.2267053872138867,2.609284129075339,1.7397510277010113,1.7083640224768066,1.6942909771862784,1.705176969101041,1.6680945606520736,1.708088625170627,1.3818762291124045,0.7637642823782465,0.6952783101332386,0.6494771619174377,0.7136204466019358,0.616517128010356,0.6799132718325092,0.6335573592226351,0.6702197904352122,0.6578434182089742,0.5759698660140636,0.5872145834427148,0.6098832336915714,0.31122395280302306,0.32520796193066875,0.4567372219106983,0.3204692727412941,0.36779282724982104,0.2138488570600956,0.0,0.37980394697583986,0.2490616025001429,0.24563043648122715,0.37026943654066297,0.25025454411283415,0.7242356291829133,0.7194890304138091
MCL1_HUMAN_5C6H_O_holo,2.3648550383564477,3.9812074659577044,2.038125235187804,2.0072715008947792,2.065482311702003,2.011991372272814,2.694541044480834,1.6779656314676779,1.667882383468926,1.5267437248665279,1.810013446096846,1.6601859541332404,2.450359317864468,2.23379095636388,2.631358099782209,1.7089496391733778,1.6461479517698792,1.66052819408771,1.674733195852999,1.641163074050416,1.6813541785114703,1.363895968860033,0.7194560622603964,0.6658506446116967,0.6740747181154221,0.7020363290012549,0.6383435198818377,0.6389546971882372,0.665467566437751,0.6362561060702134,0.63094941510636,0.5349226144807961,0.543846126566578,0.5941020683744191,0.3956981505139479,0.30952348407938723,0.5637064945698643,0.3738536186729323,0.3798643642066946,0.36262533306968414,0.37980394697583986,0.0,0.377534555731648,0.35339088891521914,0.3850749701684373,0.409631926557079,0.766438670906591,0.7570348041792159
